0 FILE 20015 - Alligator.mpd
0 Alligator
0 Name: 20015 - Alligator.mpd
0 Author: Ken Drew [Ken]
0 !LDRAW_ORG Model
0 !LICENSE Redistributable under CCAL version 2.0 : see CAreadme.txt
0 !THEME Creator
0 !HISTORY 2012-12-12 [Ken] Initial creation
0
1 19 0 0 0 0 0 1 0 1 0 -1 0 0 3020.dat
0 STEP
1 70 20 -8 40 -1 0 0 0 1 0 0 0 -1 41769.dat
1 70 -20 -8 40 -1 0 0 0 1 0 0 0 -1 41770.dat
0 STEP
1 70 -20.000004 -8 -40 1 0 0 0 1 0 0 0 1 41769.dat
1 70 19.999996 -8 -40 1 0 0 0 1 0 0 0 1 41770.dat
0 STEP
1 19 0 0 -50 -1 0 0 0 1 0 0 0 -1 3666.dat
1 19 0 0 50 -1 0 0 0 1 0 0 0 -1 3666.dat
0 STEP
1 2 64 -8 64 -0.707107 0 0.707107 0 1 0 -0.707107 0 -0.707107 3623.dat
1 2 -63.85585 -8 -63.713745 0.707106 0 -0.707106 0 1 0 0.707106 0 0.707106 3623.dat
1 2 64.144127 -8 -63.713745 -0.707106 0 -0.707106 0 1 0 0.707106 0 -0.707106 3623.dat
1 2 -64 -8 64 0.707106 0 0.707106 0 1 0 -0.707106 0 0.707106 3623.dat
0 STEP
1 7 -78 0 78 -0.965925 0 0.258819 0 1 0 -0.258819 0 -0.965925 4085a.dat
1 7 78 0 -78 0.965925 0 -0.258819 0 1 0 0.258819 0 0.965925 4085a.dat
1 7 78 0 78 -0.965925 0 -0.258819 0 1 0 0.258819 0 -0.965925 4085a.dat
1 7 -78 0 -78 0.965925 0 0.258819 0 1 0 -0.258819 0 0.965925 4085a.dat
0 STEP
1 2 0 -16 -50 -1 0 0 0 1 0 0 0 -1 3666.dat
1 2 0 -16 -70 1 0 0 0 1 0 0 0 1 60470a.dat
1 2 0 -16 70 -1 0 0 0 1 0 0 0 -1 48336.dat
1 2 0 -16 50 -1 0 0 0 1 0 0 0 -1 3666.dat
0 STEP
1 2 0 -40 50 -1 0 0 0 1 0 0 0 -1 3039.dat
1 10 30 -16 50 0 0 -1 0 1 0 1 0 0 54200.dat
1 10 -30 -16 50 0 0 1 0 1 0 -1 0 0 54200.dat
0 STEP
1 2 0 -32 -30 1 0 0 0 1 0 0 0 1 3004.dat
1 2 0 -32 30 1 0 0 0 1 0 0 0 1 3004.dat
0 STEP
1 2 10 -32 0 0 0 -1 0 1 0 1 0 0 3039.dat
1 2 -10 -32 0 0 0 1 0 1 0 -1 0 0 3039.dat
0 STEP
1 2 0 -40 0 0 0 1 0 1 0 -1 0 0 3020.dat
0 STEP
1 2 0 -40 -50 1 0 0 0 1 0 0 0 1 3004.dat
0 STEP
1 10 30 -16 -50 0 0 -1 0 1 0 1 0 0 54200.dat
1 10 -30 -16 -50 0 0 1 0 1 0 -1 0 0 54200.dat
0 STEP
1 2 0 -24 -70 -1 0 0 0 1 0 0 0 -1 3023.dat
0 STEP
1 2 0 -32 -70 -1 0 0 0 1 0 0 0 -1 3023.dat
0 STEP
1 2 0 -40 -70 1 0 0 0 1 0 0 0 1 48336.dat
0 STEP
1 2 0 -48 -40 0 0 1 0 1 0 -1 0 0 3020.dat
1 10 10 -40 30 1 0 0 0 1 0 0 0 1 54200.dat
1 10 -10 -40 10 1 0 0 0 1 0 0 0 1 54200.dat
0 STEP
1 10 10 -48 -10 1 0 0 0 1 0 0 0 1 54200.dat
1 10 10 -48 -50 1 0 0 0 1 0 0 0 1 54200.dat
1 10 -10 -48 -30 1 0 0 0 1 0 0 0 1 54200.dat
0 STEP
1 2 0 -8 140 1 0 0 0 1 0 0 0 1 20015 - Tail.ldr
0 STEP
1 15 0 -8 -140 1 0 0 0 1 0 0 0 1 20015 - Lower Jaw.ldr
0 STEP
1 10 0 -61.51947 -157.365234 1 0 0 0 0.913545 0.406737 0 -0.406737 0.913545 20015 - Upper Jaw.ldr
0 STEP

0 FILE 20015 - Tail.ldr
0 Tail
0 Name: 20015 - Tail.ldr
0 Author: Ken Drew [Ken]
0 !LDRAW_ORG Model
0 !LICENSE Redistributable under CCAL version 2.0 : see CAreadme.txt
0 !THEME Creator
0 !HISTORY 2012-12-12 [Ken] Initial creation
0
1 19 0 0 0 0 0 1 0 1 0 -1 0 0 3020.dat
1 19 0 0 50 -1 0 0 0 1 0 0 0 -1 3023.dat
0 STEP
1 2 -10 -8 40 0 0 -1 0 1 0 1 0 0 3023.dat
1 2 0 -8 0 0 0 -1 0 1 0 1 0 0 3022.dat
1 2 0 -8 -30 1 0 0 0 1 0 0 0 1 60470a.dat
1 7 10 -8 40 0 0 -1 0 1 0 1 0 0 63868.dat
0 STEP
1 2 0 -16 0 0 0 1 0 1 0 -1 0 0 3020.dat
1 2 0 -16 50 1 0 0 0 1 0 0 0 1 3023.dat
0 STEP
1 10 -10 -16 -30 1 0 0 0 1 0 0 0 1 54200.dat
1 10 10 -16 -10 1 0 0 0 1 0 0 0 1 54200.dat
1 10 -10 -16 10 1 0 0 0 1 0 0 0 1 54200.dat
0 STEP
1 19 10 -23 95 0 0 1 0.5 0.866025 0 -0.866025 0.5 0 60478.dat
0 STEP
1 2 10 -35 100 0 0 1 0.5 0.866025 0 -0.866025 0.5 0 3623.dat
0 STEP

0 FILE 20015 - Lower Jaw.ldr
0 Lower Jaw
0 Name: 20015 - Lower Jaw.ldr
0 Author: Ken Drew [Ken]
0 !LDRAW_ORG Model
0 !LICENSE Redistributable under CCAL version 2.0 : see CAreadme.txt
0 !THEME Creator
0 !HISTORY 2012-12-12 [Ken] Initial creation
0 
1 19 0 0 0 0 0 1 0 1 0 -1 0 0 3020.dat
0 STEP
1 2 0 -8 10 -1 0 0 0 1 0 -0 0 -1 3023.dat
1 2 0 -8 30 -1 -0 0 -0 1 -0 -0 -0 -1 48336.dat
0 STEP
1 2 0 -8 -40 0 0 1 0 1 0 -1 0 0 3020.dat
0 STEP
1 4 0 -16 20 0 0 1 0 1 0 -1 0 0 3068b.dat
1 4 10 -16 -10 0 0 1 0 1 0 -1 0 0 3070b.dat
1 4 -10 -16 -30 0 0 1 0 1 0 -1 0 0 3070b.dat
1 4 10 -16 -50 0 0 1 0 1 0 -1 0 0 3070b.dat
0 STEP
1 15 -10 -8 -10 -0 0 -1 0 1 0 1 0 -0 54200.dat
1 15 10 -8 -30 -1 0 0 0 1 0 -0 0 -1 54200.dat
1 15 -10 -8 -50 -1 0 0 0 1 0 -0 0 -1 54200.dat
1 15 -10 -8 -70 -1 0 0 0 1 0 -0 0 -1 54200.dat
1 15 10 -8 -70 0 0 1 0 1 0 -1 0 0 54200.dat
0 STEP

0 FILE 20015 - Upper Jaw.ldr
0 Upper Jaw
0 Name: 20015 - Upper Jaw.ldr
0 Author: Ken Drew [Ken]
0 !LDRAW_ORG Model
0 !LICENSE Redistributable under CCAL version 2.0 : see CAreadme.txt
0 !THEME Creator
0 !HISTORY 2012-12-12 [Ken] Initial creation
0
1 2 0 0 0 0 0 1 0 1 0 -1 0 0 3795.dat
0 STEP
1 2 0 -8 50 -1 0 0 0 1 0 0 0 -1 60470a.dat
0 STEP
1 2 30 -8 30 0 0 -1 0 1 0 1 0 0 2420.dat
1 2 -30 -8 30 1 0 0 0 1 0 0 0 1 2420.dat
1 19 0 -8 10 1 0 0 0 1 0 0 0 1 3023.dat
0 STEP
1 288 0 -8 -20 1 0 0 0 1 0 0 0 1 48183.dat
1 2 0 -8 -60 1 0 0 0 1 0 0 0 1 3022.dat
0 STEP
1 2 0 -16 -70 1 0 0 0 1 0 0 0 1 3023.dat
1 2 0 -16 -20 0 0 1 0 1 0 -1 0 0 3020.dat
1 14 -20 -16 40 0 0 1 0 1 0 -1 0 0 4032a.dat
1 14 20 -16 40 0 0 1 0 1 0 -1 0 0 4032a.dat
0 STEP
1 15 -10 8 -50 0 0 1 0 1 0 -1 0 0 3024.dat
1 15 10 8 -30 0 0 1 0 1 0 -1 0 0 3024.dat
1 15 -10 8 -10 0 0 1 0 1 0 -1 0 0 3024.dat
1 15 10 8 10 0 0 1 0 1 0 -1 0 0 3024.dat
0 STEP
1 2 0 -24 20 0 0 1 0 1 0 -1 0 0 3020.dat
1 0 -30 -24 30 0 0 1 0 1 0 -1 0 0 4073.dat
1 0 30 -24 30 0 0 1 0 1 0 -1 0 0 4073.dat
0 STEP
1 2 10 -32 50 0 0 1 0 1 0 -1 0 0 2420.dat
1 2 -10 -32 50 -1 0 0 0 1 0 0 0 -1 2420.dat
0 STEP
1 10 -10 -32 50 1 0 0 0 1 0 0 0 1 54200.dat
1 10 9.999998 -16 -70 0 0 1 0 1 0 -1 0 0 54200.dat
1 10 -10.000002 -16 -70 0 0 -1 0 1 0 1 0 0 54200.dat
1 10 10 -32 50 1 0 0 0 1 0 0 0 1 54200.dat
0 STEP

