0 FILE 7140 - Main Model.ldr
0 Main Model
0 Name: 7140 - Main Model.ldr
0 Author: Daniel Goerner [TK-949]
0 !LDRAW_ORG Model
0 !LICENSE Redistributable under CCAL version 2.0 : see CAreadme.txt

0 !THEME Star Wars
0 !KEYWORDS Episode IV, Luke Skywalker, Biggs Darklighter, Rebel Technician, R2-D2
0 !HISTORY 2012-05-19 [TK-949] Creation

1 16 0 0 0 1 0 0 0 1 0 0 0 1 7140 - Minifig - Luke Skywalker.ldr
0 STEP
1 16 140 -8 -100 0.707107 0 -0.707107 0 1 0 0.707107 0 0.707107 7140 - Minifig - Biggs Darklighter.ldr
0 STEP
1 16 410 -32 -180 1 0 0 0 1 0 0 0 1 7140 - Minifig - Rebel Technician.ldr
0 STEP
1 16 0 -112 0 1 0 0 0 1 0 0 0 1 7140 - Minifig - R2-D2.ldr
0 STEP
1 16 410 48 0 1 0 0 0 1 0 0 0 1 7140 - Support Vehicle.ldr
0 STEP
1 16 0 0 0 1 0 0 0 1 0 0 0 1 7140 - Ship.ldr
0 STEP

0 FILE 7140 - Minifig - Luke Skywalker.ldr
0 Minifig - Luke Skywalker
0 Name: 7140 - Minifig - Luke Skywalker.ldr
0 Author: Daniel Goerner [TK-949]
0 !LDRAW_ORG Model
0 !LICENSE Redistributable under CCAL version 2.0 : see CAreadme.txt

1 25 0 -49 -72 1 0 0 0 0 1 0 -1 0 3816.dat
1 25 0 -49 -72 1 0 0 0 0 1 0 -1 0 3817.dat
1 8 0 -60.872 -73.833 1 0 0 0 0.990268 -0.139173 0 0.139173 0.990268 3815.dat
0 STEP
1 25 0 -92.56 -78.285 1 0 0 0 0.990268 -0.139173 0 0.139173 0.990268 973ps1.dat
1 25 -15.552 -83.647 -77.033 0.985 -0.17 0 0.158709 0.919577 -0.358368 0.0609226 0.352992 0.93358 3818.dat
1 25 15.552 -83.647 -77.033 0.985 0.17 0 -0.158709 0.919577 -0.358368 -0.0609226 0.352992 0.93358 3819.dat
1 0 -23.863 -63.525 -80.361 0.985 -0.12019 0.12019 0.158709 0.396775 -0.903507 0.0609226 0.909607 0.410476 3820.dat
1 0 23.863 -63.525 -80.361 0.985 0.12019 -0.12019 -0.158709 0.396775 -0.903507 -0.0609226 0.909607 0.410476 3820.dat
0 STEP
1 14 0 -116.324 -81.626 1 0 0 0 0.990268 -0.139173 0 0.139173 0.990268 3626bps3.dat
0 STEP
1 15 0 -116.324 -81.626 1 0 0 0 0.990268 -0.139173 0 0.139173 0.990268 30370ps2.dat

0 FILE 7140 - Minifig - Biggs Darklighter.ldr
0 Minifig - Biggs Darklighter
0 Name: 7140 - Minifig - Biggs Darklighter.ldr
0 Author: Daniel Goerner [TK-949]
0 !LDRAW_ORG Model
0 !LICENSE Redistributable under CCAL version 2.0 : see CAreadme.txt

1 25 0 44 0 1 0 0 0 1 0 0 0 1 3816.dat
1 25 0 44 0 1 0 0 0 1 0 0 0 1 3817.dat
1 8 0 32 0 1 0 0 0 1 0 0 0 1 3815.dat
0 STEP
1 25 0 0 0 1 0 0 0 1 0 0 0 1 973ps1.dat
1 25 -15.552 9 0 0.985 -0.17 0 0.17 0.985 0 0 0 1 3818.dat
1 25 15.552 9 0 0.985 0.17 0 -0.17 0.985 0 0 0 1 3819.dat
1 0 -23.8634 26.5956 -10.321 0.985 -0.12019 0.12019 0.17 0.696395 -0.696395 0 0.707 0.707 3820.dat
1 0 23.8634 26.5956 -10.321 0.985 0.12019 -0.12019 -0.17 0.696395 -0.696395 0 0.707 0.707 3820.dat
0 STEP
1 14 0 -24 0 1 0 0 0 1 0 0 0 1 3626bp03.dat
0 STEP
1 15 0 -24 0 1 0 0 0 1 0 0 0 1 7140 - 30370ps4.dat

0 FILE 7140 - Minifig - Rebel Technician.ldr
0 Minifig - Rebel Technician
0 Name: 7140 - Minifig - Rebel Technician.ldr
0 Author: Daniel Goerner [TK-949]
0 !LDRAW_ORG Model
0 !LICENSE Redistributable under CCAL version 2.0 : see CAreadme.txt

1 19 0 32 0 1 0 0 0 1 0 0 0 1 3815.dat
1 19 0 44 0 1 0 0 0 1 0 0 0 1 3816.dat
1 19 0 44 0 1 0 0 0 1 0 0 0 1 3817.dat
0 STEP
1 19 0 0 0 1 0 0 0 1 0 0 0 1 973psa.dat
1 19 -15.552 9 0 0.985 -0.17 0 0.148685 0.8615 -0.48481 0.0824176 0.477537 0.87462 3818.dat
1 19 15.552 9 0 0.985 0.17 0 -0.148685 0.8615 -0.48481 -0.0824176 0.477537 0.87462 3819.dat
1 14 -23.863 29.389 -0.494 0.988435 -0.0364139 0.1442 0.148286 0.316345 -0.936448 -0.0115209 0.947555 0.31864 3820.dat
1 14 23.863 29.389 -0.494 0.987963 0.0699934 -0.134718 -0.150091 0.316248 -0.936193 -0.02293 0.9457 0.323502 3820.dat
0 STEP
1 14 0 -24 0 1 0 0 0 1 0 0 0 1 7140 - 3626bp35.dat
0 STEP
1 19 0 -24 0 1 0 0 0 1 0 0 0 1 4485.dat

0 FILE 7140 - Minifig - R2-D2.ldr
0 Minifig - R2-D2
0 Name: 7140 - Minifig - R2-D2.ldr
0 Author: Daniel Goerner [TK-949]
0 !LDRAW_ORG Model
0 !LICENSE Redistributable under CCAL version 2.0 : see CAreadme.txt

1 15 0 0 0 1 0 0 0 1 0 0 0 1 7140 - 30361aps1.dat
0 STEP
1 15 20 0 0 0 0 1 0 1 0 -1 0 0 30362.dat
1 15 -20 0 0 0 0 -1 0 1 0 1 0 0 30362.dat
0 STEP
1 15 0 -34 0 1 0 0 0 1 0 0 0 1 7140 - 30367aps1.dat

0 FILE 7140 - Support Vehicle Section 1.ldr
0 Support Vehicle Section 1
0 Name: 7140 - Support Vehicle Section 1.ldr
0 Author: Daniel Goerner [TK-949]
0 !LDRAW_ORG Model
0 !LICENSE Redistributable under CCAL version 2.0 : see CAreadme.txt

1 7 0 0 0 0 0 -1 0 1 0 1 0 0 3032.dat
0 STEP
0 ROTSTEP 0 0 180 REL
1 0 -20 8 40 1 0 0 0 1 0 0 0 1 2654.dat
1 0 20 8 40 1 0 0 0 1 0 0 0 1 2654.dat
1 0 -20 8 -40 1 0 0 0 1 0 0 0 1 2654.dat
1 0 20 8 -40 1 0 0 0 1 0 0 0 1 2654.dat
0 STEP
0 ROTSTEP END
1 0 0 -8 40 -1 0 0 0 1 0 0 0 -1 3730.dat
1 0 0 -8 -20 0 0 -1 0 1 0 1 0 0 3020.dat
0 STEP
1 8 0 -32 20 0 0 1 0 1 0 -1 0 0 7140 - 4854.dat
0 STEP
1 14 0 -16 -30 -1 0 0 0 1 0 0 0 -1 2342.dat
1 14 -30 -40 20 0 0 -1 0 1 0 1 0 0 2431.dat
1 14 30 -40 20 0 0 -1 0 1 0 1 0 0 2431.dat
0 STEP
1 0 18 -40 -30 0 -1 0 1 0 0 0 0 1 4592.dat
1 14 20 -40 -30 0 -0.139173 0.990268 1 0 0 0 0.990268 0.139173 4593.dat
1 0 -18 -40 -30 0 1 0 -1 0 0 0 0 1 4592.dat
1 14 -20 -40 -30 0 0.139173 -0.990268 -1 0 0 0 0.990268 0.139173 4593.dat
0 STEP
1 0 0 -40 44 1 0 0 0 0 1 0 -1 0 3003.dat
1 0 0 -40 68 1 0 0 0 0 1 0 -1 0 3003.dat
1 46 -10 -40 10 1 0 0 0 1 0 0 0 1 4589.dat
1 46 10 -40 10 1 0 0 0 1 0 0 0 1 4589.dat

0 FILE 7140 - Support Vehicle Section 2.ldr
0 Support Vehicle Section 2
0 Name: 7140 - Support Vehicle Section 2.ldr
0 Author: Daniel Goerner [TK-949]
0 !LDRAW_ORG Model
0 !LICENSE Redistributable under CCAL version 2.0 : see CAreadme.txt

1 7 0 0 0 1 0 0 0 1 0 0 0 1 3031.dat
0 STEP
0 ROTSTEP 0 0 180 REL
1 0 -20 8 20 1 0 0 0 1 0 0 0 1 2654.dat
1 0 20 8 20 1 0 0 0 1 0 0 0 1 2654.dat
1 0 -20 8 -20 1 0 0 0 1 0 0 0 1 2654.dat
1 0 20 8 -20 1 0 0 0 1 0 0 0 1 2654.dat
0 STEP
0 ROTSTEP END
1 0 0 -8 -20 1 0 0 0 1 0 0 0 1 3731.dat
1 0 0 -8 20 -1 0 0 0 1 0 0 0 -1 3730.dat
0 STEP
1 8 0 -32 0 0 0 1 0 1 0 -1 0 0 7140 - 4854.dat
0 STEP
1 0 0 -40 0 0 0 -1 0 1 0 1 0 0 3001.dat
0 STEP
1 14 -30 -40 0 0 0 -1 0 1 0 1 0 0 2431.dat
1 14 30 -40 0 0 0 -1 0 1 0 1 0 0 2431.dat

0 FILE 7140 - Support Vehicle Section 3.ldr
0 Support Vehicle Section 3
0 Name: 7140 - Support Vehicle Section 3.ldr
0 Author: Daniel Goerner [TK-949]
0 !LDRAW_ORG Model
0 !LICENSE Redistributable under CCAL version 2.0 : see CAreadme.txt

1 7 0 0 0 1 0 0 0 1 0 0 0 1 3031.dat
0 STEP
0 ROTSTEP 0 0 180 REL
1 0 -20 8 20 1 0 0 0 1 0 0 0 1 2654.dat
1 0 20 8 20 1 0 0 0 1 0 0 0 1 2654.dat
1 0 -20 8 -20 1 0 0 0 1 0 0 0 1 2654.dat
1 0 20 8 -20 1 0 0 0 1 0 0 0 1 2654.dat
0 STEP
0 ROTSTEP END
1 0 20 -8 0 1 0 0 0 1 0 0 0 1 3022.dat
1 0 -20 -8 0 0 0 1 0 1 0 -1 0 0 3731.dat
0 STEP
1 8 0 -32 0 1 0 0 0 1 0 0 0 1 7140 - 4854.dat
0 STEP
1 0 -20 -40 0 1 0 0 0 1 0 0 0 1 3003.dat
1 14 -30 -40 -30 1 0 0 0 1 0 0 0 1 4085c.dat
1 14 -10 -40 -30 1 0 0 0 1 0 0 0 1 4085c.dat
1 14 -10 -40 30 -1 0 0 0 1 0 0 0 -1 4085c.dat
1 14 -30 -40 30 -1 0 0 0 1 0 0 0 -1 4085c.dat
0 STEP
1 14 10 -40 0 0 0 -1 0 1 0 1 0 0 2431.dat
1 14 30 -40 -30 1 0 0 0 1 0 0 0 1 4085c.dat
1 14 30 -40 30 -1 0 0 0 1 0 0 0 -1 4085c.dat
0 STEP
1 0 30 -40 -10 0 0 -1 0 1 0 1 0 0 4070.dat
1 0 30 -40 10 0 0 -1 0 1 0 1 0 0 4070.dat
1 0 44 -30 10 0 -1 0 0 0 1 -1 0 0 2555.dat
0 STEP
1 0 0 2 0 1 0 0 0 1 0 0 0 1 7140 - Support Vehicle - Hose.ldr
1 8 0 -64.046 -10 1 0 0 0 1 0 0 0 1 3037.dat
1 8 0 -64.046 10 -1 0 0 0 1 0 0 0 -1 3037.dat
0 STEP
1 0 -10 -32.046 50 1 0 0 0 1 0 0 0 1 7140 - 55300.dat
1 0 -30 -32.046 50 1 0 0 0 1 0 0 0 1 7140 - 55295.dat
1 0 30 -40.046 50 -0.190809 0 0.981627 0 1 0 -0.981627 0 -0.190809 55297.dat
1 0 -30 -32.046 -50 -1 0 0 0 1 0 0 0 -1 7140 - 55299.dat
1 0 -10 -32.046 -50 1 0 0 0 1 0 0 0 1 7140 - 55298.dat
1 0 30 -40.046 -50 0.207912 0 0.978148 0 1 0 -0.978148 0 0.207912 55296.dat

0 FILE 7140 - Support Vehicle.ldr
0 Support Vehicle
0 Name: 7140 - Support Vehicle.ldr
0 Author: Daniel Goerner [TK-949]
0 !LDRAW_ORG Model
0 !LICENSE Redistributable under CCAL version 2.0 : see CAreadme.txt

1 16 0 0 -130 1 0 0 0 1 0 0 0 1 7140 - Support Vehicle Section 1.ldr
0 STEP
1 16 0 0 0 1 0 0 0 1 0 0 0 1 7140 - Support Vehicle Section 2.ldr
0 STEP
1 16 0 0 110 0 0 -1 0 1 0 1 0 0 7140 - Support Vehicle Section 3.ldr

0 FILE 7140 - Ship.ldr
0 Ship
0 Name: 7140 - Ship.ldr
0 Author: Daniel Goerner [TK-949]
0 !LDRAW_ORG Model
0 !LICENSE Redistributable under CCAL version 2.0 : see CAreadme.txt

1 7 0 0 0 0 0 -1 0 1 0 1 0 0 3029.dat
1 7 -20 -24 110 -1 0 0 0 1 0 0 0 -1 3747a.dat
1 7 20 -24 110 -1 0 0 0 1 0 0 0 -1 3747a.dat
0 STEP
1 8 -30 -24 40 0 0 -1 0 1 0 1 0 0 3009.dat
1 8 30 -24 40 0 0 -1 0 1 0 1 0 0 3009.dat
1 7 10 0 -130 0 0 1 0 1 0 -1 0 0 2420.dat
1 7 -10 0 -130 -1 0 0 0 1 0 0 0 -1 2420.dat
0 STEP
1 8 -30 -24 -40 0 0 1 0 1 0 -1 0 0 3660.dat
1 8 -30 -24 -80 0 0 1 0 1 0 -1 0 0 3660.dat
1 8 -30 -24 -120 0 0 1 0 1 0 -1 0 0 3660.dat
1 8 30 -24 -120 0 0 -1 0 1 0 1 0 0 3660.dat
1 8 30 -24 -80 0 0 -1 0 1 0 1 0 0 3660.dat
1 8 30 -24 -40 0 0 -1 0 1 0 1 0 0 3660.dat
0 STEP
1 7 0 -24 -150 1 0 0 0 1 0 0 0 1 4855.dat
0 STEP
1 4 0 -32 140 1 0 0 0 1 0 0 0 1 3020.dat
1 4 0 -32 40 0 0 -1 0 1 0 1 0 0 3035.dat
1 4 0 -32 -120 0 0 -1 0 1 0 1 0 0 3035.dat
0 STEP
1 4 -50 -32 -80 0 0 -1 0 1 0 1 0 0 3666.dat
1 4 50 -32 -80 0 0 -1 0 1 0 1 0 0 3666.dat
1 7 0 -40 150 1 0 0 0 1 0 0 0 1 3069bps1.dat
0 STEP
1 7 0 -104 130 -1 0 0 0 1 0 0 0 -1 2362b.dat
1 14 0 -40 110 1 0 0 0 1 0 0 0 1 3069b.dat
1 14 0 -40 80 1 0 0 0 1 0 0 0 1 3068b.dat
0 STEP
1 7 -30 -56 120 0 0 -1 0 1 0 1 0 0 3010.dat
1 7 30 -56 120 0 0 -1 0 1 0 1 0 0 3010.dat
1 7 -30 -56 70 1 0 0 0 1 0 0 0 1 3005.dat
1 7 30 -56 70 1 0 0 0 1 0 0 0 1 3005.dat
1 7 20 -56 50 1 0 0 0 1 0 0 0 1 30365.dat
1 7 20 -56 30 1 0 0 0 1 0 0 0 1 30365.dat
1 7 -20 -56 30 -1 0 0 0 1 0 0 0 -1 30365.dat
1 7 -20 -56 50 -1 0 0 0 1 0 0 0 -1 30365.dat
0 STEP
1 0 -20 -56 -20 0 0 -1 0 1 0 1 0 0 3001.dat
1 0 20 -56 -20 0 0 -1 0 1 0 1 0 0 3001.dat
1 19 0 -40 -90 0 0 -1 0 1 0 1 0 0 3021.dat
1 7 -30 -40 -80 0 0 1 0 1 0 -1 0 0 3069bps1.dat
1 7 30 -40 -80 0 0 -1 0 1 0 1 0 0 3069bps1.dat
0 STEP
1 7 -50 -56 -40 0 0 1 0 1 0 -1 0 0 2877.dat
1 7 -50 -56 -80 0 0 1 0 1 0 -1 0 0 2877.dat
1 7 -50 -56 -120 0 0 1 0 1 0 -1 0 0 2877.dat
1 7 50 -56 -120 0 0 -1 0 1 0 1 0 0 2877.dat
1 7 50 -56 -80 0 0 -1 0 1 0 1 0 0 2877.dat
1 7 50 -56 -40 0 0 -1 0 1 0 1 0 0 2877.dat
0 STEP
1 1 -30 -56 -120 0 0 -1 0 1 0 1 0 0 3004.dat
1 1 30 -56 -120 0 0 -1 0 1 0 1 0 0 3004.dat
1 0 0 -56 -160 0 0 -1 0 1 0 1 0 0 3001.dat
0 STEP
1 7 40 -56 -170 1 0 0 0 1 0 0 0 1 6565.dat
1 7 -40 -56 -170 1 0 0 0 1 0 0 0 1 6564.dat
0 STEP
1 7 -30 -80 150 1 0 0 0 1 0 0 0 1 3005.dat
1 7 30 -80 150 1 0 0 0 1 0 0 0 1 3005.dat
1 7 -30 -80 80 0 0 -1 0 1 0 1 0 0 3009.dat
1 7 30 -80 80 0 0 -1 0 1 0 1 0 0 3009.dat
0 STEP
1 4 0 -64 0 1 0 0 0 1 0 0 0 1 3022.dat
1 4 -30 -64 0 0 0 -1 0 1 0 1 0 0 3794a.dat
1 4 30 -64 0 0 0 -1 0 1 0 1 0 0 3794a.dat
1 0 0 -80 40 1 0 0 0 1 0 0 0 1 3003.dat
0 STEP
1 14 0 -72 0 1 0 0 0 1 0 0 0 1 3068b.dat
1 4 0 -80 -40 1 0 0 0 1 0 0 0 1 2456.dat
1 4 -50 -80 -80 0 0 -1 0 1 0 1 0 0 3004.dat
1 4 50 -80 -80 0 0 -1 0 1 0 1 0 0 3004.dat
0 STEP
1 7 40 -80 -130 1 0 0 0 1 0 0 0 1 6565.dat
1 7 -40 -80 -130 1 0 0 0 1 0 0 0 1 6564.dat
1 0 0 -80 -150 -1 0 0 0 1 0 0 0 -1 3039ps1.dat
0 
1 7 -30 -104 130 -1 0 0 0 1 0 0 0 -1 3040b.dat
1 7 30 -104 130 -1 0 0 0 1 0 0 0 -1 3040b.dat
1 8 -30 -104 90 0 0 1 0 1 0 -1 0 0 3622.dat
1 8 30 -104 90 0 0 1 0 1 0 -1 0 0 3622.dat
0 STEP
1 7 0 -104 -30 1 0 0 0 1 0 0 0 1 3009.dat
1 7 20 -104 50 1 0 0 0 1 0 0 0 1 30365.dat
1 7 20 -104 30 1 0 0 0 1 0 0 0 1 30365.dat
1 7 -20 -104 30 -1 0 0 0 1 0 0 0 -1 30365.dat
1 7 -20 -104 50 -1 0 0 0 1 0 0 0 -1 30365.dat
0 STEP
1 8 -50 -88 -60 0 0 -1 0 1 0 1 0 0 3023.dat
1 8 50 -88 -60 0 0 -1 0 1 0 1 0 0 3023.dat
1 8 -50 -88 -110 1 0 0 0 1 0 0 0 1 2420.dat
1 8 50 -88 -110 0 0 -1 0 1 0 1 0 0 2420.dat
0 STEP
1 8 -30 -88 -150 1 0 0 0 1 0 0 0 1 2420.dat
1 8 30 -88 -150 0 0 -1 0 1 0 1 0 0 2420.dat
1 8 0 -112 40 1 0 0 0 1 0 0 0 1 3022.dat
1 4 30 -112 80 0 0 -1 0 1 0 1 0 0 2431.dat
1 4 -30 -112 80 0 0 -1 0 1 0 1 0 0 2431.dat
0 STEP
1 7 0 -112 130 1 0 0 0 1 0 0 0 1 4625.dat
1 8 0 -120 100 1 0 0 0 1 0 0 0 1 4213.dat
1 19 0 -120 40 -1 0 0 0 1 0 0 0 -1 3068bps1.dat
1 7 -10 -128 -30 0 0 1 0 1 0 -1 0 0 3040b.dat
1 7 10 -128 -30 0 0 -1 0 1 0 1 0 0 3040b.dat
0 STEP
1 7 0 -32 -320 1 0 0 0 1 0 0 0 1 7140 - Ship Nose.ldr
0 STEP
1 7 0 -88 -50 1 0 0 0 1 0 0 0 1 7140 - Cockpit Rear.ldr
1 19 0 -96 -220 0 0 -1 0 1 0 1 0 0 3034.dat
0 STEP
1 19 50 -96 -80 0 0 -1 0 1 0 1 0 0 3710.dat
1 19 -50 -96 -80 0 0 -1 0 1 0 1 0 0 3710.dat
1 19 -30 -96 -140 0 0 -1 0 1 0 1 0 0 3710.dat
1 19 30 -96 -140 0 0 -1 0 1 0 1 0 0 3710.dat
1 19 0 -96 -370 1 0 0 0 1 0 0 0 1 3069b.dat
1 7 0 -96 -390 1 0 0 0 1 0 0 0 1 3069b.dat
1 19 0 -136 -40 1 0 0 0 1 0 0 0 1 3068bps1.dat
0 STEP
1 16 180 -64 40 1 0 0 0 1 0 0 0 1 7140 - Lower Left Wing.ldr
0 STEP
1 16 -180 -64 40 -1 0 0 0 1 0 0 0 -1 7140 - Lower Right Wing.ldr
0 STEP
1 16 180 -80 40 1 0 0 0 1 0 0 0 1 7140 - Upper Left Wing.ldr
0 STEP
1 16 -180 -80 40 -1 0 0 0 1 0 0 0 -1 7140 - Upper Right Wing.ldr
0 STEP
1 16 90 -114 156 1 0 0 0 0 -1 0 1 0 7140 - Rear Engines.ldr
1 16 90 -26 156 1 0 0 0 0 -1 0 1 0 7140 - Rear Engines.ldr
1 16 -90 -114 156 1 0 0 0 0 -1 0 1 0 7140 - Rear Engines.ldr
1 16 -90 -26 156 1 0 0 0 0 -1 0 1 0 7140 - Rear Engines.ldr
1 40 0 -134 -50 1 0 0 0 1 0 0 0 1 30372p79.dat
1 40 0 16 40 1 0 0 0 1 0 0 0 1 7140 - Landing Gear Tail.ldr
1 40 0 -24 -360 1 0 0 0 1 0 0 0 1 7140 - Landing Gear Bow.ldr

0 FILE 7140 - Ship Nose.ldr
0 Ship Nose
0 Name: 7140 - Ship Nose.ldr
0 Author: Daniel Goerner [TK-949]
0 !LDRAW_ORG Model
0 !LICENSE Redistributable under CCAL version 2.0 : see CAreadme.txt

1 7 0 0 0 0 0 -1 0 1 0 1 0 0 2445.dat
1 7 -10 -24 110 0 0 1 0 1 0 -1 0 0 3665.dat
1 7 10 -24 110 0 0 -1 0 1 0 1 0 0 3665.dat
0 STEP
1 7 0 -24 80 0 0 -1 0 1 0 1 0 0 4871.dat
0 STEP
1 7 0 -24 20 0 0 -1 0 1 0 1 0 0 4854.dat
1 7 0 -24 -60 0 0 -1 0 1 0 1 0 0 4854.dat
1 7 0 -24 -110 1 0 0 0 1 0 0 0 1 4855.dat
0 STEP
1 4 0 -32 -100 1 0 0 0 1 0 0 0 1 3020.dat
1 8 0 -32 -160 1 0 0 0 1 0 0 0 1 4859.dat
0 STEP
1 4 0 -32 80 0 0 -1 0 1 0 1 0 0 3035.dat
1 7 30 -32 -40 0 0 -1 0 1 0 1 0 0 2431.dat
0 STEP
1 7 10 -56 150 1 0 0 0 1 0 0 0 1 3046.dat
1 7 -10 -56 150 0 0 1 0 1 0 -1 0 0 3046.dat
0 STEP
1 7 -10 -56 100 0 0 1 0 1 0 -1 0 0 3039.dat
1 7 10 -56 100 0 0 -1 0 1 0 1 0 0 3039.dat
1 7 -10 -56 40 0 0 1 0 1 0 -1 0 0 3037.dat
1 7 10 -56 40 0 0 -1 0 1 0 1 0 0 3037.dat
0 STEP
1 7 -30 -32 -40 0 0 -1 0 1 0 1 0 0 4625.dat
1 7 0 -56 -40 0 0 -1 0 1 0 1 0 0 4857.dat
0 STEP
1 7 -10 -56 -90 0 0 1 0 1 0 -1 0 0 3040b.dat
1 7 10 -56 -90 0 0 -1 0 1 0 1 0 0 3040b.dat
1 7 0 -56 -110 1 0 0 0 1 0 0 0 1 6069ps1.dat

0 FILE 7140 - Cockpit Rear.ldr
0 Cockpit Rear
0 Name: 7140 - Cockpit Rear.ldr
0 Author: Daniel Goerner [TK-949]
0 !LDRAW_ORG Model
0 !LICENSE Redistributable under CCAL version 2.0 : see CAreadme.txt

1 8 0 0 0 1 0 0 0 1 0 0 0 1 3710.dat
1 19 0 -8 0 1 0 0 0 1 0 0 0 1 3710.dat
0 STEP
1 8 20 -32 0 1 0 0 0 1 0 0 0 1 76385.dat
1 8 -20 -32 0 -1 0 0 0 1 0 0 0 -1 76385.dat
0 STEP
1 1 0 -40 0 1 0 0 0 1 0 0 0 1 3023.dat

0 FILE 7140 - Lower Left Wing.ldr
0 Lower Left Wing
0 Name: 7140 - Lower Left Wing.ldr
0 Author: Daniel Goerner [TK-949]
0 !LDRAW_ORG Model
0 !LICENSE Redistributable under CCAL version 2.0 : see CAreadme.txt

1 7 0 0 0 0 0 -1 0 1 0 1 0 0 30355.dat
1 4 -100 -8 0 1 0 0 0 1 0 0 0 1 3068b.dat
1 4 110 -8 -40 0 0 -1 0 1 0 1 0 0 2412b.dat
0 STEP
0 ROTSTEP 0 180 180 REL
1 8 -100 8 10 -1 0 0 0 1 0 0 0 -1 30364.dat
1 8 -100 8 -10 -1 0 0 0 1 0 0 0 -1 30364.dat
0 STEP
1 8 -70 8 0 0 0 -1 0 1 0 1 0 0 3747a.dat
0 STEP
1 7 -90 38 0 1 0 0 0 1 0 0 0 1 30360.dat
0 STEP
1 7 -50 8 30 0 0 -1 0 1 0 1 0 0 4287.dat
1 7 -50 8 -30 0 0 -1 0 1 0 1 0 0 4287.dat
0 STEP
1 8 110 8 -20 1 0 0 0 1 0 0 0 1 30359a.dat
1 8 110 18.5 -160 1 0 0 0 0 1 0 -1 0 4740.dat
1 7 110 18.5 -168 1 0 0 0 0 1 0 -1 0 4589.dat

0 FILE 7140 - Lower Right Wing.ldr
0 Lower Right Wing
0 Name: 7140 - Lower Right Wing.ldr
0 Author: Daniel Goerner [TK-949]
0 !LDRAW_ORG Model
0 !LICENSE Redistributable under CCAL version 2.0 : see CAreadme.txt

1 7 0 0 0 0 0 -1 0 1 0 1 0 0 30356.dat
1 4 -100 -8 0 1 0 0 0 1 0 0 0 1 3068b.dat
1 4 110 -8 40 0 0 -1 0 1 0 1 0 0 2412b.dat
0 STEP
0 ROTSTEP 0 180 180 REL
1 8 -100 8 10 -1 0 0 0 1 0 0 0 -1 30364.dat
1 8 -100 8 -10 -1 0 0 0 1 0 0 0 -1 30364.dat
0 STEP
1 8 -70 8 0 0 0 -1 0 1 0 1 0 0 3747a.dat
0 STEP
1 7 -90 38 0 -1 0 0 0 1 0 0 0 -1 30360.dat
0 STEP
1 7 -50 8 30 0 0 -1 0 1 0 1 0 0 4287.dat
1 7 -50 8 -30 0 0 -1 0 1 0 1 0 0 4287.dat
0 STEP
1 8 110 8 20 -1 0 0 0 1 0 0 0 -1 30359a.dat
1 8 110 18.5 160 -1 0 0 0 0 1 0 1 0 4740.dat
1 7 110 18.5 168 -1 0 0 0 0 1 0 1 0 4589.dat

0 FILE 7140 - Upper Left Wing.ldr
0 Upper Left Wing
0 Name: 7140 - Upper Left Wing.ldr
0 Author: Daniel Goerner [TK-949]
0 !LDRAW_ORG Model
0 !LICENSE Redistributable under CCAL version 2.0 : see CAreadme.txt

1 7 0 0 0 0 0 -1 0 1 0 1 0 0 30355.dat
1 8 -100 -24 10 -1 0 0 0 1 0 0 0 -1 30364.dat
1 8 -100 -24 -10 -1 0 0 0 1 0 0 0 -1 30364.dat
0 STEP
1 8 -70 -24 0 0 0 -1 0 1 0 1 0 0 3298.dat
0 STEP
1 8 0 0 0 1 0 0 0 1 0 0 0 1 7140 - Upper Left Wing Engine.ldr
0 STEP
1 7 -50 -24 -30 0 0 -1 0 1 0 1 0 0 4286.dat
1 7 -50 -24 30 0 0 -1 0 1 0 1 0 0 4286.dat
0 STEP
1 4 60 -8 -20 1 0 0 0 1 0 0 0 1 3068b.dat
1 7 20 -8 10 1 0 0 0 1 0 0 0 1 2431p79.dat
0 STEP
1 8 110 -24 -20 1 0 0 0 1 0 0 0 1 30359a.dat
1 8 110 -13.5 -160 1 0 0 0 0 1 0 -1 0 4740.dat
1 7 110 -13.5 -168 1 0 0 0 0 1 0 -1 0 4589.dat

0 FILE 7140 - Upper Left Wing Engine.ldr
0 Upper Left Wing Engine
0 Name: 7140 - Upper Left Wing Engine.ldr
0 Author: Daniel Goerner [TK-949]
0 !LDRAW_ORG Model
0 !LICENSE Redistributable under CCAL version 2.0 : see CAreadme.txt

1 7 -90 -34 0 1 0 0 0 1 0 0 0 1 30360.dat
1 4 -110 -48 0 0 0 -1 0 1 0 1 0 0 2412b.dat
0 STEP
1 7 -90 -64 0 0 0 -1 0 1 0 1 0 0 3039.dat

0 FILE 7140 - Upper Right Wing.ldr
0 Upper Right Wing
0 Name: 7140 - Upper Right Wing.ldr
0 Author: Daniel Goerner [TK-949]
0 !LDRAW_ORG Model
0 !LICENSE Redistributable under CCAL version 2.0 : see CAreadme.txt

1 7 0 0 0 0 0 -1 0 1 0 1 0 0 30356.dat
1 8 -100 -24 10 -1 0 0 0 1 0 0 0 -1 30364.dat
1 8 -100 -24 -10 -1 0 0 0 1 0 0 0 -1 30364.dat
0 STEP
1 8 -70 -24 0 0 0 -1 0 1 0 1 0 0 3298.dat
0 STEP
1 8 0 0 0 1 0 0 0 1 0 0 0 1 7140 - Upper Right Wing Engine.ldr
0 STEP
1 7 -50 -24 30 0 0 -1 0 1 0 1 0 0 4286.dat
1 7 -50 -24 -30 0 0 -1 0 1 0 1 0 0 4286.dat
0 STEP
1 7 20 -8 -10 1 0 0 0 1 0 0 0 1 2431p79.dat
1 4 60 -8 20 1 0 0 0 1 0 0 0 1 3068b.dat
0 STEP
1 8 110 -24 20 -1 0 0 0 1 0 0 0 -1 30359a.dat
1 8 110 -13.5 160 -1 0 0 0 0 1 0 1 0 4740.dat
1 7 110 -13.5 168 -1 0 0 0 0 1 0 1 0 4589.dat

0 FILE 7140 - Upper Right Wing Engine.ldr
0 Upper Right Wing Engine
0 Name: 7140 - Upper Right Wing Engine.ldr
0 Author: Daniel Goerner [TK-949]
0 !LDRAW_ORG Model
0 !LICENSE Redistributable under CCAL version 2.0 : see CAreadme.txt

1 7 -90 -34 0 -1 0 0 0 1 0 0 0 -1 30360.dat
1 4 -110 -48 0 0 0 -1 0 1 0 1 0 0 2412b.dat
0 STEP
1 7 -90 -64 0 0 0 -1 0 1 0 1 0 0 3039.dat

0 FILE 7140 - Rear Engines.ldr
0 Rear Engines
0 Name: 7140 - Rear Engines.ldr
0 Author: Daniel Goerner [TK-949]
0 !LDRAW_ORG Model
0 !LICENSE Redistributable under CCAL version 2.0 : see CAreadme.txt

1 38 0 0 0 1 0 0 0 1 0 0 0 1 3941.dat
0 STEP
1 7 0 -24 0 1 0 0 0 1 0 0 0 1 3941.dat
1 7 0 -48 0 1 0 0 0 1 0 0 0 1 3941.dat
0 STEP
1 0 0 -56 0 1 0 0 0 1 0 0 0 1 4032a.dat

0 FILE 7140 - Landing Gear Bow.ldr
0 Landing Gear Bow
0 Name: 7140 - Landing Gear Bow.ldr
0 Author: Daniel Goerner [TK-949]
0 !LDRAW_ORG Model
0 !LICENSE Redistributable under CCAL version 2.0 : see CAreadme.txt

1 7 0 80 2 1 0 0 0 1 0 0 0 1 6120.dat
0 STEP
1 7 0 72 0 1 0 0 0 1 0 0 0 1 4073.dat
0 STEP
1 7 0 24 0 1 0 0 0 1 0 0 0 1 3062b.dat
1 7 0 48 0 1 0 0 0 1 0 0 0 1 3062b.dat
1 7 0 0 0 -1 0 0 0 1 0 0 0 -1 3665.dat

0 FILE 7140 - Landing Gear Tail.ldr
0 Landing Gear Tail
0 Name: 7140 - Landing Gear Tail.ldr
0 Author: Daniel Goerner [TK-949]
0 !LDRAW_ORG Model
0 !LICENSE Redistributable under CCAL version 2.0 : see CAreadme.txt

1 7 -90 40 -10 0 0 -1 0 1 0 1 0 0 3623.dat
1 7 90 40 -10 0 0 -1 0 1 0 1 0 0 3623.dat
0 STEP
1 7 0 -8 0 0 0 -1 0 1 0 1 0 0 30180.dat

0 FILE 7140 - Support Vehicle - Hose.ldr
0 Support Vehicle - Hose
0 Name: 7140 - Support Vehicle - Hose.ldr
0 Author: Daniel Goerner [TK-949]
0 !LDRAW_ORG Model
0 !LICENSE Redistributable under CCAL version 2.0 : see CAreadme.txt

1 7 52 -30 -10 0 -1 0 1 0 0 0 0 1 750.dat
1 7 50 -39 10 -1 0 0 0 -1 0 0 0 1 750.dat
1 7 50 -39 10 1 0 0 0 1 0 0 0 -1 755.dat
1 7 50 -32.0463 10 0.9976 0 0.0687 0 1 0 0.0687 0 -0.9976 7140 - 756.dat
1 7 50 -29.726 10 0.9941 0 0.1089 0 1 0 0.1089 0 -0.9941 7140 - 756.dat
1 7 50 -27.3993 10 0.9888 0 0.149 0 1 0 0.149 0 -0.9888 7140 - 756.dat
1 7 49.9997 -25.0779 9.9986 0.982 -0.0001 0.1888 0.0002 1 -0.0004 0.1888 -0.0005 -0.982 7140 - 756.dat
1 7 49.9774 -22.7429 9.8941 0.9735 -0.0075 0.2287 0.0153 0.9994 -0.0324 0.2283 -0.035 -0.973 7140 - 756.dat
1 7 49.9356 -20.4325 9.6442 0.9632 -0.0157 0.2684 0.0395 0.9957 -0.0838 0.2659 -0.0913 -0.9597 7140 - 756.dat
1 7 49.8932 -18.1414 9.2681 0.9512 -0.0177 0.3079 0.0617 0.9891 -0.1336 0.3022 -0.1461 -0.942 7140 - 756.dat
1 7 49.8683 -15.8764 8.7701 0.9379 -0.0123 0.3468 0.0805 0.9799 -0.1828 0.3375 -0.1993 -0.92 7140 - 756.dat
1 7 49.8823 -13.6248 8.152 0.923 0.0019 0.3848 0.0947 0.9681 -0.2318 0.373 -0.2504 -0.8934 7140 - 756.dat
1 7 49.9626 -11.4301 7.4273 0.9068 0.0272 0.4208 0.1025 0.9538 -0.2824 0.409 -0.2991 -0.8621 7140 - 756.dat
1 7 50.1439 -9.2654 6.594 0.8884 0.0665 0.4542 0.1019 0.9362 -0.3364 0.4476 -0.3452 -0.8249 7140 - 756.dat
1 7 50.4723 -7.1661 5.6683 0.8668 0.1246 0.4829 0.0898 0.9134 -0.397 0.4905 -0.3875 -0.7805 7140 - 756.dat
1 7 51.0124 -5.1275 4.6553 0.8385 0.2076 0.5039 0.0626 0.8818 -0.4675 0.5414 -0.4236 -0.7263 7140 - 756.dat
1 7 51.8381 -3.2212 3.5982 0.7973 0.322 0.5105 0.0162 0.8341 -0.5514 0.6034 -0.4479 -0.6598 7140 - 756.dat
1 7 53.0314 -1.5168 2.5538 0.7316 0.4712 0.4926 -0.0509 0.7584 -0.6498 0.6798 -0.4504 -0.5788 7140 - 756.dat
1 7 54.6393 -0.1103 1.6106 0.6274 0.6434 0.4385 -0.1299 0.6418 -0.7558 0.7677 -0.4173 -0.4863 7140 - 756.dat
1 7 56.6115 0.9213 0.8619 0.4847 0.8022 0.3486 -0.1966 0.4883 -0.8502 0.8523 -0.3435 -0.3944 7140 - 756.dat
1 7 58.797 1.5672 0.3604 0.3293 0.9124 0.2433 -0.2294 0.3272 -0.9167 0.916 -0.246 -0.317 7140 - 756.dat
1 7 61.0958 1.9134 0.0765 0.1915 0.9706 0.1461 -0.2271 0.1886 -0.9554 0.9549 -0.1498 -0.2565 7140 - 756.dat
1 7 63.4169 2.0325 -0.0268 0.0841 0.9942 0.0667 -0.2024 0.0826 -0.9758 0.9757 -0.0686 -0.2082 7140 - 756.dat
1 7 65.7312 1.9888 -0.0118 0.0114 0.9999 0.0025 -0.1661 0.0044 -0.9861 0.986 -0.0108 -0.1661 7140 - 756.dat
1 7 68.0705 1.8152 -0.0581 0.0106 0.9982 -0.0587 -0.1257 -0.0569 -0.9904 0.992 -0.0179 -0.1249 7140 - 756.dat
1 7 70.3596 1.4814 -0.1624 0.0282 0.9915 -0.1272 -0.0872 -0.1243 -0.9884 0.9958 -0.039 -0.0829 7140 - 756.dat
1 7 72.6252 0.9592 -0.3256 0.0541 0.9774 -0.2046 -0.0506 -0.2019 -0.9781 0.9973 -0.0632 -0.0385 7140 - 756.dat
1 7 74.8217 0.2227 -0.5557 0.0897 0.9524 -0.2915 -0.018 -0.291 -0.9565 0.9958 -0.0911 0.0089 7140 - 756.dat
1 7 76.9218 -0.7589 -0.8625 0.1366 0.9118 -0.3873 0.0079 -0.3919 -0.92 0.9906 -0.1226 0.0607 7140 - 756.dat
1 7 78.8559 -2.0012 -1.2507 0.195 0.8502 -0.489 0.0233 -0.5025 -0.8643 0.9805 -0.1571 0.1178 7140 - 756.dat
1 7 80.544 -3.5063 -1.721 0.2641 0.7612 -0.5924 0.0232 -0.619 -0.785 0.9642 -0.1936 0.1811 7140 - 756.dat
1 7 81.9526 -5.2898 -2.2784 0.3409 0.6401 -0.6885 0.0037 -0.7333 -0.6799 0.9401 -0.2293 0.2524 7140 - 756.dat
1 7 82.986 -7.2908 -2.9037 0.4183 0.489 -0.7655 -0.038 -0.8326 -0.5526 0.9075 -0.2603 0.3297 7140 - 756.dat
1 7 83.607 -9.4453 -3.577 0.4881 0.3169 -0.8132 -0.1002 -0.9053 -0.4129 0.867 -0.283 0.4101 7140 - 756.dat
1 7 83.8018 -11.6599 -4.269 0.5435 0.1374 -0.8281 -0.1775 -0.9454 -0.2733 0.8204 -0.2955 0.4894 7140 - 756.dat
1 7 83.5953 -13.8743 -4.9611 0.5815 -0.0375 -0.8127 -0.2635 -0.9538 -0.1445 0.7697 -0.2982 0.5645 7140 - 756.dat
1 7 83.0242 -16.0407 -5.638 0.6021 -0.1988 -0.7733 -0.352 -0.9354 -0.0336 0.7167 -0.2924 0.6332 7140 - 756.dat
1 7 82.1342 -18.0935 -6.2796 0.6067 -0.3419 -0.7176 -0.4386 -0.8969 0.0566 0.663 -0.2804 0.6941 7140 - 756.dat
1 7 80.9697 -20.0043 -6.8767 0.5975 -0.4672 -0.6518 -0.5212 -0.8439 0.127 0.6094 -0.2638 0.7477 7140 - 756.dat
1 7 79.5569 -21.7766 -7.4305 0.5763 -0.5759 -0.5798 -0.5991 -0.7803 0.1795 0.5558 -0.2439 0.7947 7140 - 756.dat
1 7 77.9316 -23.3947 -7.9362 0.5457 -0.668 -0.506 -0.6704 -0.7103 0.2147 0.5028 -0.2221 0.8354 7140 - 756.dat
1 7 76.1663 -24.8022 -8.376 0.5064 -0.7455 -0.4333 -0.7347 -0.6361 0.2359 0.4515 -0.1989 0.8698 7140 - 756.dat
1 7 74.2302 -26.0585 -8.7686 0.4604 -0.8103 -0.3626 -0.7922 -0.5593 0.2441 0.4006 -0.1749 0.8994 7140 - 756.dat
1 7 72.1973 -27.1214 -9.1008 0.4091 -0.863 -0.2964 -0.8421 -0.4822 0.2415 0.3514 -0.1508 0.924 7140 - 756.dat
1 7 70.0697 -28.0101 -9.3785 0.3539 -0.9052 -0.2353 -0.8847 -0.4056 0.2297 0.3034 -0.1269 0.9444 7140 - 756.dat
1 7 67.8705 -28.7255 -9.6021 0.2957 -0.9382 -0.1799 -0.9202 -0.3303 0.2102 0.2566 -0.1033 0.961 7140 - 756.dat
1 7 65.5937 -29.2841 -9.7766 0.2364 -0.9628 -0.1309 -0.9485 -0.2579 0.1838 0.2107 -0.0807 0.9742 7140 - 756.dat
1 7 63.3193 -29.673 -9.8981 0.177 -0.9802 -0.0889 -0.97 -0.1891 0.153 0.1668 -0.0592 0.9842 7140 - 756.dat
1 7 61.0073 -29.9161 -9.9741 0.1179 -0.9916 -0.0534 -0.9853 -0.1236 0.1182 0.1238 -0.0387 0.9915 7140 - 756.dat
1 7 58.6763 -30.0195 -10.0064 0.0601 -0.9979 -0.0244 -0.9948 -0.0619 0.0804 0.0818 -0.0195 0.9965 7140 - 756.dat
1 7 56.3442 -30.0058 -10.0021 0.009 -1 -0.0033 -0.9991 -0.0092 0.0407 0.0408 -0.003 0.9992 7140 - 756.dat
1 7 52.0002 -30.0459 -10.0149 0.0092 1 -0.003 -1 0.0092 -0 0 0.003 1 755.dat

0 FILE 7140 - 30370ps4.dat
0 Minifig Helmet SW Rebel Pilot with Checkered Pattern
0 Name: 7140 - 30370ps4.dat
0 Author: Daniel Goerner [TK-949]
0 !LDRAW_ORG Unofficial_Part
0 !LICENSE Redistributable under CCAL version 2.0 : see CAreadme.txt

0 BFC CERTIFY CCW

1 16 0 0 0 1 0 0 0 1 0 0 0 1 s\30370s01.dat
1 16 0 0 0 -1 0 0 0 1 0 0 0 1 s\30370s01.dat
1 16 0 0 0 1 0 0 0 1 0 0 0 1 s\30370s02.dat
1 16 0 0 0 -1 0 0 0 1 0 0 0 1 s\30370s02.dat
1 16 0 0 0 1 0 0 0 1 0 0 0 1 7140 - 30370ps4s02.dat
1 16 0 0 0 -1 0 0 0 1 0 0 0 1 7140 - 30370ps4s02.dat
1 16 0 0 0 1 0 0 0 1 0 0 0 1 7140 - 30370ps4s01.dat
1 16 0 0 0 -1 0 0 0 1 0 0 0 1 7140 - 30370ps4s01.dat
1 16 0 0 0 1 0 0 0 1 0 0 0 1 s\30370s05.dat
1 16 0 0 0 -1 0 0 0 1 0 0 0 1 s\30370s05.dat
1 16 0 -4 0 -8 0 0 0 -1 0 0 0 8 4-4disc.dat
1 16 0 -4 0 0 0 1 0 -1 0 -1 0 0 stud16.dat
5 24 0 3 -13 0 -4 -8 3.06 -4 -7.39 -3.06 -4 -7.39
5 24 0 5.46 -13.11 0 3 -13 4.32 5.46 -12.39 -4.32 5.46 -12.39
5 24 0 -4 8 0 3 13 4.97 3 12.01 -3.06 -4 7.39
5 24 0 3 13 0 5.46 13 4.97 5.46 12.01 -4.97 5.46 12.01
5 24 0 5.46 13 0 15.93 13.64 4.97 5.46 12.01 -4.97 5.46 12.01

0 FILE 7140 - 3626bp35.dat
0 Minifig Head with Messy Hair, Moustache and Stubble Pattern
0 Name: 7140 - 3626bp35.dat
0 Author: Daniel Goerner [TK-949]
0 !LDRAW_ORG Unofficial_Part
0 !LICENSE Redistributable under CCAL version 2.0 : see CAreadme.txt

0 BFC CERTIFY CCW

1 16 0 0 0 1 0 0 0 1 0 0 0 1 s\3626bs02.dat
1 16 0 4 0 -12.01 0 -4.975 0 13 0 -4.975 0 12.01 5-8cyli.dat
1 16 0 4 0 0 0 8 0 -6.4 0 8 0 0 t04o6250.dat
1 16 0 4 0 -8 0 0 0 -6.4 0 0 0 8 t04o6250.dat
1 16 0 17 0 0 0 -8 0 6.4 0 8 0 0 t04o6250.dat
1 16 0 17 0 -8 0 0 0 6.4 0 0 0 -8 t16o6250.dat
1 16 0 17 0 8 0 0 0 6.4 0 0 0 -8 t16o6250.dat
1 16 0 17 0 8 0 0 0 6.4 0 0 0 8 t04o6250.dat
1 16 0 4 0 -8 0 0 0 -6.4 0 0 0 -8 t16o6250.dat
1 16 0 4 0 8 0 0 0 -6.4 0 0 0 -8 t16o6250.dat
4 0 11.3 14.69 -6.038 11.142 14.808 -6.274 11.179 14.908 -6.219 11.235 14.975 -6.135
4 0 11.3 14.69 -6.038 11.365 14.405 -5.941 11.3 14.382 -6.038 11.235 14.405 -6.135
4 0 11.3 14.69 -6.038 11.235 14.975 -6.135 11.3 14.998 -6.038 11.365 14.975 -5.941
4 0 10.58 13.35 -7.115 10.422 13.232 -7.352 10.409 13.35 -7.371 10.422 13.468 -7.352
4 0 10.21 16.89 -7.669 10.368 16.772 -7.432 10.331 16.672 -7.488 10.275 16.605 -7.572
4 0 10.21 16.89 -7.669 10.368 17 -7.432 10.381 16.89 -7.413 10.368 16.772 -7.432
4 0 11.3 14.69 -6.038 11.365 14.975 -5.941 11.421 14.908 -5.857 11.458 14.808 -5.802
4 0 10.21 16.89 -7.669 10.052 16.772 -7.905 10.039 16.89 -7.925 10.052 17 -7.905
4 0 10.58 13.35 -7.115 10.645 13.635 -7.018 10.701 13.568 -6.934 10.738 13.468 -6.879
4 0 10.21 16.89 -7.669 10.275 16.605 -7.572 10.21 16.582 -7.669 10.145 16.605 -7.766
4 0 10.58 13.35 -7.115 10.645 13.065 -7.018 10.58 13.042 -7.115 10.515 13.065 -7.212
4 0 10.58 13.35 -7.115 10.515 13.635 -7.212 10.58 13.658 -7.115 10.645 13.635 -7.018
4 0 10.58 13.35 -7.115 10.422 13.468 -7.352 10.459 13.568 -7.296 10.515 13.635 -7.212
4 0 10.58 13.35 -7.115 10.738 13.468 -6.879 10.751 13.35 -6.859 10.738 13.232 -6.879
3 0 12.011 4 -4.973 10.73 5.98 -6.891 10.76 6 -6.846
3 0 12.011 4 -4.973 9.44 5.09 -8.821 10.73 5.98 -6.891
4 0 10.21 16.89 -7.669 10.145 16.605 -7.766 10.089 16.672 -7.85 10.052 16.772 -7.905
4 0 11.3 14.69 -6.038 11.142 14.572 -6.274 11.129 14.69 -6.294 11.142 14.808 -6.274
3 0 9.192 4 -9.192 9.32 5.05 -9 9.39 5 -8.896
4 0 10.58 13.35 -7.115 10.515 13.065 -7.212 10.459 13.132 -7.296 10.422 13.232 -7.352
4 0 11.3 14.69 -6.038 11.235 14.405 -6.135 11.179 14.472 -6.219 11.142 14.572 -6.274
3 0 10.21 16.89 -7.669 10.052 17 -7.905 10.368 17 -7.432
3 0 9.192 4 -9.192 9.192 5.25 -9.192 9.32 5.05 -9
4 0 10.58 13.35 -7.115 10.738 13.232 -6.879 10.701 13.132 -6.934 10.645 13.065 -7.018
4 0 11.3 14.69 -6.038 11.458 14.572 -5.802 11.421 14.472 -5.857 11.365 14.405 -5.941
4 0 11.3 14.69 -6.038 11.458 14.808 -5.802 11.471 14.69 -5.782 11.458 14.572 -5.802
3 0 -9.368 15.282 -8.929 -9.381 15.4 -8.909 -9.368 15.518 -8.929
4 0 -9.192 15.709 -9.192 -9.192 15.091 -9.192 -9.21 15.087 -9.165 -9.21 15.713 -9.165
4 0 -9.275 15.685 -9.068 -9.275 15.115 -9.068 -9.331 15.182 -8.984 -9.331 15.618 -8.984
3 0 -10.51 8.04 -7.22 -10.45 8.14 -7.31 -10.4 8.14 -7.385
4 0 -8.969 18.27 -8.969 -8.988 18.273 -8.939 -9.034 18.309 -8.854 -8.923 18.531 -8.923
4 0 -9.331 15.618 -8.984 -9.331 15.182 -8.984 -9.368 15.282 -8.929 -9.368 15.518 -8.929
3 0 -7.57 15.11 -10.276 -7.88 15.87 -10.069 -6.39 17 -11.065
3 0 -7.38 14.37 -10.403 -7.57 15.11 -10.276 -6.39 17 -11.065
4 0 -5.93 16.66 -11.372 -6.2 11.85 -11.192 -6.6 12.16 -10.924 -6.99 12.74 -10.664
4 0 -5.77 0.305 -7.839 -7.154 0.414 -7.154 -8.157 1.172 -8.157 -4.414 1.172 -10.658
4 0 -6.39 17 -11.065 -5.93 16.66 -11.372 -6.99 12.74 -10.664 -7.23 13.53 -10.503
3 0 -7.23 13.53 -10.503 -7.38 14.37 -10.403 -6.39 17 -11.065
4 0 -10.37 6.92 -7.429 -11.03 6.18 -6.442 -10.69 7.47 -6.951 -10.37 7.92 -7.429
3 0 9.192 4 -9.192 8.98 5.69 -9.334 9.192 5.25 -9.192
4 0 7.86 4 -10.082 8.19 4.97 -9.862 8.98 5.69 -9.334 9.192 4 -9.192
3 0 -3.794 0.305 -9.159 -5.77 0.305 -7.839 -4.414 1.172 -10.658
4 0 8.63 6.33 -9.568 8.42 6.02 -9.708 8.5 6.31 -9.654 8.56 6.36 -9.614
4 0 8.98 5.69 -9.334 8.19 4.97 -9.862 8.42 6.02 -9.708 8.63 6.33 -9.568
4 0 -9.21 15.713 -9.165 -9.21 15.087 -9.165 -9.275 15.115 -9.068 -9.275 15.685 -9.068
4 0 8.51 0.7 -6.07 7.154 0.414 -7.154 8.157 1.172 -8.157 9.79 1.172 -5.713
4 0 -10.37 7.92 -7.429 -10.69 7.47 -6.951 -10.51 8.04 -7.22 -10.4 8.14 -7.385
4 0 4.414 1.172 -10.658 4.83 2.469 -11.659 8.923 2.469 -8.923 8.157 1.172 -8.157
4 0 6.06 5.4 -11.285 6.87 6.53 -10.744 7.14 6.25 -10.563 7.15 5.45 -10.557
4 0 5.12 4 -11.913 6.06 5.4 -11.285 7.15 5.45 -10.557 7.12 4 -10.577
4 0 7.14 6.25 -10.563 6.87 6.53 -10.744 7.01 6.63 -10.65 7.07 6.59 -10.61
3 0 -2.2 2.469 -12.182 -4.83 2.469 -11.659 -4.56 2.55 -11.733
3 0 -2.2 2.469 -12.182 -4.56 2.55 -11.733 -4.52 2.6 -11.753
3 0 -4.46 3.29 -11.936 -4.53 4 -12.099 -3.2 4 -12.363
4 0 -6.51 18.826 -10.245 -6.416 18.899 -10.236 -6.385 18.749 -10.405 -6.557 18.743 -10.296
3 0 -4.83 2.469 -11.659 -4.854 2.72 -11.716 -4.62 2.57 -11.726
3 0 -4.83 2.469 -11.659 -4.62 2.57 -11.726 -4.56 2.55 -11.733
3 0 -6.385 18.749 -10.405 -6.319 18.531 -10.664 -6.513 18.531 -10.534
3 0 -6.385 18.749 -10.405 -6.284 18.548 -10.67 -6.319 18.531 -10.664
4 0 -2.76 3.3 -12.277 -2.2 2.469 -12.182 -4.52 2.6 -11.753 -4.46 2.79 -11.812
4 0 -2.76 3.3 -12.277 -4.46 2.79 -11.812 -4.46 3.29 -11.936 -3.2 4 -12.363
4 0 -3.794 0.305 -9.159 -4.414 1.172 -10.658 0 1.172 -11.535 0 0.305 -9.914
4 0 -6.58 18.675 -10.347 -6.557 18.743 -10.296 -6.385 18.749 -10.405 -6.568 18.596 -10.433
3 0 -8.946 18.249 -8.99 -8.969 18.27 -8.969 -8.923 18.531 -8.923
4 0 -6.07 18.783 -10.582 -6.113 18.685 -10.65 -6.385 18.749 -10.405 -6.072 18.861 -10.504
4 0 -6.19 18.602 -10.68 -6.284 18.548 -10.67 -6.385 18.749 -10.405 -6.113 18.685 -10.65
4 0 -6.117 18.936 -10.4 -6.072 18.861 -10.504 -6.385 18.749 -10.405 -6.206 18.968 -10.309
4 0 -6.327 18.942 -10.253 -6.206 18.968 -10.309 -6.385 18.749 -10.405 -6.416 18.899 -10.236
3 0 -6.513 18.531 -10.534 -6.568 18.596 -10.433 -6.385 18.749 -10.405
3 0 -7.17 17.4 -10.426 -7.98 17.43 -9.876 -7.57 17.46 -10.141
4 0 -7.17 17.4 -10.426 -6.73 17.21 -10.776 -8.54 17.27 -9.549 -7.98 17.43 -9.876
4 0 -6.73 17.21 -10.776 -6.39 17 -11.065 -8.89 17 -9.394 -8.54 17.27 -9.549
3 0 -8.946 18.249 -8.99 -8.923 18.531 -8.923 -8.846 18.245 -9.058
4 0 -8.747 18.287 -9.112 -8.846 18.245 -9.058 -8.923 18.531 -8.923 -8.666 18.37 -9.142
4 0 -8.614 18.479 -9.145 -8.666 18.37 -9.142 -8.923 18.531 -8.923 -8.608 18.531 -9.134
4 0 -7.786 13.487 -10.132 -7.879 13.419 -10.07 -7.99 13.71 -9.995 -7.723 13.589 -10.174
3 0 0 2.469 -12.619 -1.24 2.469 -12.373 -1.03 3.29 -12.618
3 0 6.513 18.531 -10.534 6.385 18.749 -10.405 6.568 18.596 -10.433
4 0 12.011 4 -4.973 9.192 4 -9.192 9.39 5 -8.896 9.44 5.09 -8.821
4 0 6.385 18.749 -10.405 6.113 18.685 -10.65 6.07 18.783 -10.582 6.072 18.861 -10.504
4 0 6.385 18.749 -10.405 6.416 18.899 -10.236 6.51 18.826 -10.245 6.557 18.743 -10.296
4 0 8.923 18.531 -8.923 8.854 18.785 -8.652 8.923 18.733 -8.625 8.974 18.68 -8.627
4 0 8.923 18.531 -8.923 8.974 18.68 -8.627 9.036 18.611 -8.636 9.077 18.531 -8.693
4 0 8.923 2.469 -8.923 11.38 2.469 -5.247 10.79 1.81 -5.158 9.79 1.172 -5.713
3 0 9.79 1.172 -5.713 8.157 1.172 -8.157 8.923 2.469 -8.923
4 0 6.385 18.749 -10.405 6.284 18.548 -10.67 6.19 18.602 -10.68 6.113 18.685 -10.65
4 0 10.83 6.17 -6.741 11.18 7.96 -6.217 11.43 7.99 -5.843 11.77 6.03 -5.335
4 0 12.011 4 -4.973 10.76 6 -6.846 10.83 6.17 -6.741 11.77 6.03 -5.335
4 0 6.385 18.749 -10.405 6.072 18.861 -10.504 6.117 18.936 -10.4 6.206 18.968 -10.309
3 0 6.319 18.531 -10.664 6.284 18.548 -10.67 6.385 18.749 -10.405
3 0 8.923 18.531 -8.923 8.784 18.821 -8.703 8.854 18.785 -8.652
3 0 8.923 18.531 -8.923 8.744 18.834 -8.744 8.784 18.821 -8.703
4 0 10.11 8.02 -7.818 10.27 8.1 -7.579 10.34 8.06 -7.474 10.4 7.79 -7.385
4 0 -1.03 3.29 -12.618 -0.83 4 -12.835 0 4 -13 0 2.469 -12.619
4 0 9.86 7.66 -8.192 10.11 8.02 -7.818 10.4 7.79 -7.385 10.41 7.08 -7.37
4 0 9.63 6.83 -8.537 9.86 7.66 -8.192 10.41 7.08 -7.37 10.54 6.29 -7.175
4 0 6.385 18.749 -10.405 6.206 18.968 -10.309 6.327 18.942 -10.253 6.416 18.899 -10.236
4 0 6.385 18.749 -10.405 6.557 18.743 -10.296 6.58 18.675 -10.347 6.568 18.596 -10.433
3 0 6.319 18.531 -10.664 6.385 18.749 -10.405 6.513 18.531 -10.534
4 0 9.44 5.09 -8.821 9.5 5.69 -8.731 10.69 6.02 -6.951 10.73 5.98 -6.891
4 0 11.43 7.99 -5.843 11.18 7.96 -6.217 11.28 8.15 -6.068 11.34 8.16 -5.978
4 0 9.5 5.69 -8.731 9.63 6.83 -8.537 10.54 6.29 -7.175 10.69 6.02 -6.951
3 0 -9.08 18.49 -8.706 -9.077 18.531 -8.693 -8.923 18.531 -8.923
4 0 -8.923 18.531 -8.923 -9.034 18.309 -8.854 -9.065 18.377 -8.778 -9.08 18.49 -8.706
3 0 0 1.172 -11.535 -1.46 2.04 -11.97 -1.33 2.22 -12.147
4 0 -10.095 17.175 -7.764 -10.059 17.108 -7.847 -10.301 17.108 -7.485 -10.235 17.175 -7.555
4 0 -10.368 17 -7.432 -10.301 17.108 -7.485 -10.059 17.108 -7.847 -10.052 17 -7.905
3 0 3.794 0.305 -9.159 0 0.305 -9.914 4.414 1.172 -10.658
3 0 0 1.172 -11.535 -1.58 1.99 -11.905 -1.46 2.04 -11.97
4 0 -3.2 4 -12.363 -4.53 4 -12.099 -4.57 4.71 -12.091 -3.75 4.75 -12.254
4 0 8.923 18.531 -8.923 8.6 18.809 -8.865 8.66 18.832 -8.802 8.744 18.834 -8.744
4 0 0 1.172 -11.535 -1.33 2.22 -12.147 -1.24 2.469 -12.373 0 2.469 -12.619
4 0 -4.414 1.172 -10.658 -1.75 2.03 -11.904 -1.58 1.99 -11.905 0 1.172 -11.535
4 0 6.513 18.531 -10.534 6.464 18.499 -10.576 6.373 18.505 -10.635 6.319 18.531 -10.664
3 0 -10.095 17.175 -7.764 -10.235 17.175 -7.555 -10.15 17.198 -7.672
4 0 -9.192 4 -9.192 -9.87 5.01 -8.178 -9.62 5.94 -8.552 -9.41 6.43 -8.866
4 0 -9.192 4 -9.192 -9.41 6.43 -8.866 -9.27 6.62 -9.075 -9.192 6.67 -9.192
3 0 1.58 2.469 -12.305 4 2.92 -11.936 4.07 2.83 -11.9
4 0 9.192 4 -9.192 12.011 4 -4.973 11.38 2.469 -5.247 8.923 2.469 -8.923
4 0 -10.41 5.69 -7.37 -11.16 5.85 -6.247 -11.03 6.18 -6.442 -10.37 6.92 -7.429
3 0 -9.192 4 -9.192 -10.18 4 -7.714 -10.06 4.31 -7.893
3 0 1.58 2.469 -12.305 3.94 3.16 -12.007 4 2.92 -11.936
4 0 4.83 2.469 -11.659 1.58 2.469 -12.305 4.07 2.83 -11.9 4.11 2.83 -11.892
3 0 0 0.305 -9.914 0 1.172 -11.535 4.414 1.172 -10.658
4 0 0 2.469 -12.619 0 4 -13 0.11 4 -12.978 0.85 2.469 -12.45
4 0 -6.373 18.505 -10.635 -6.464 18.499 -10.576 -6.513 18.531 -10.534 -6.319 18.531 -10.664
4 0 1.58 2.469 -12.305 2.59 4 -12.485 4.03 4 -12.198 3.96 3.53 -12.095
4 0 -3.75 4.75 -12.254 -4.57 4.71 -12.091 -4.5 5.07 -12.105 -4.15 5.09 -12.174
4 0 9.368 15.282 -8.929 9.331 15.182 -8.984 9.331 15.618 -8.984 9.368 15.518 -8.929
4 0 9.21 15.087 -9.165 9.192 15.091 -9.192 9.192 15.709 -9.192 9.21 15.713 -9.165
4 0 9.331 15.182 -8.984 9.275 15.115 -9.068 9.275 15.685 -9.068 9.331 15.618 -8.984
3 0 7.17 17.4 -10.426 7.57 17.46 -10.141 7.98 17.43 -9.876
4 0 8.54 17.27 -9.549 6.73 17.21 -10.776 7.17 17.4 -10.426 7.98 17.43 -9.876
4 0 -0.16 4.4 -12.968 -0.59 4.43 -12.883 -0.41 4.53 -12.918 -0.3 4.52 -12.94
3 0 -4.5 5.07 -12.105 -4.39 5.14 -12.127 -4.15 5.09 -12.174
4 0 0 4 -13 -0.83 4 -12.835 -0.73 4.23 -12.855 0 4.19 -13
4 0 0 4.19 -13 -0.73 4.23 -12.855 -0.59 4.43 -12.883 -0.16 4.4 -12.968
4 0 8.923 18.531 -8.923 8.555 18.683 -9.019 8.566 18.761 -8.935 8.6 18.809 -8.865
3 0 8.923 18.531 -8.923 8.608 18.531 -9.134 8.58 18.59 -9.094
3 0 8.923 18.531 -8.923 8.58 18.59 -9.094 8.555 18.683 -9.019
4 0 8.89 17 -9.394 6.39 17 -11.065 6.73 17.21 -10.776 8.54 17.27 -9.549
4 0 -8.923 18.531 -8.923 -8.6 18.809 -8.865 -8.566 18.761 -8.935 -8.555 18.683 -9.019
4 0 -10.79 1.81 -5.158 -11.38 2.469 -5.247 -8.923 2.469 -8.923 -8.157 1.172 -8.157
3 0 10.235 17.175 -7.555 10.095 17.175 -7.764 10.15 17.198 -7.672
3 0 -4.414 1.172 -10.658 -1.95 2.18 -11.99 -1.75 2.03 -11.904
4 0 -4.414 1.172 -10.658 -4.83 2.469 -11.659 -2.2 2.469 -12.182 -1.95 2.18 -11.99
3 0 -8.157 1.172 -8.157 -9.79 1.172 -5.713 -10.79 1.81 -5.158
3 0 -4.797 17 -12.046 -4.525 16.972 -12.1 -4.755 16.972 -12.054
4 0 -8.923 18.531 -8.923 -8.744 18.834 -8.744 -8.66 18.832 -8.802 -8.6 18.809 -8.865
3 0 -4.64 16.95 -12.077 -4.755 16.972 -12.054 -4.525 16.972 -12.1
3 0 -8.923 18.531 -8.923 -8.555 18.683 -9.019 -8.58 18.59 -9.094
3 0 -8.923 18.531 -8.923 -8.58 18.59 -9.094 -8.608 18.531 -9.134
3 0 -4.797 17 -12.046 -4.483 17 -12.108 -4.525 16.972 -12.1
4 0 0.6 14.66 -12.881 0.51 15.47 -12.898 1.14 15.4 -12.773 1.12 14.58 -12.777
4 0 9.065 18.377 -8.778 9.034 18.309 -8.854 8.923 18.531 -8.923 9.08 18.49 -8.706
4 0 1.57 14.45 -12.688 1.89 15.25 -12.624 2.58 14.99 -12.487 2 14.25 -12.602
4 0 -5.42 3.32 -11.514 -4.97 2.82 -11.668 -7.28 2.88 -10.142 -7.34 3.57 -10.304
4 0 -11.2 5.8 -6.187 -11.16 5.85 -6.247 -10.41 5.69 -7.37 -10.41 4.56 -7.37
4 0 0 14.7 -13 0 15.49 -13 0.51 15.47 -12.898 0.6 14.66 -12.881
3 0 4.83 2.469 -11.659 4.11 2.83 -11.892 4.26 2.92 -11.884
3 0 4.83 2.469 -11.659 4.26 2.92 -11.884 4.951 3.75 -11.953
3 0 1.58 2.469 -12.305 3.96 3.53 -12.095 3.94 3.16 -12.007
4 0 2 14.25 -12.602 2.58 14.99 -12.487 3 14.71 -12.403 2.26 14.03 -12.55
4 0 1.12 14.58 -12.777 1.14 15.4 -12.773 1.89 15.25 -12.624 1.57 14.45 -12.688
4 0 10.301 17.108 -7.485 10.059 17.108 -7.847 10.095 17.175 -7.764 10.235 17.175 -7.555
3 0 -8.923 2.469 -8.923 -7.79 2.88 -9.801 -7.55 2.59 -9.876
4 0 -5.4 16.2 -11.726 -5.63 11.62 -11.573 -6.2 11.85 -11.192 -5.93 16.66 -11.372
3 0 -7.88 15.87 -10.069 -8.27 16.39 -9.808 -6.39 17 -11.065
3 0 -4.83 2.469 -11.659 -4.97 2.82 -11.668 -4.854 2.72 -11.716
3 0 9.368 15.282 -8.929 9.368 15.518 -8.929 9.381 15.4 -8.909
4 0 9.275 15.115 -9.068 9.21 15.087 -9.165 9.21 15.713 -9.165 9.275 15.685 -9.068
